Alpha = 0.971414089617
Sbar = 8440.35832034
